[gd_scene load_steps=13 format=2]

[ext_resource path="res://scripts/PreGame.gd" type="Script" id=1]
[ext_resource path="res://environments/env_stage_0_1.tres" type="Environment" id=2]
[ext_resource path="res://scenes/HomeWorld.tscn" type="PackedScene" id=3]
[ext_resource path="res://scenes/Ship_statics.tscn" type="PackedScene" id=4]
[ext_resource path="res://scenes/Beacon.tscn" type="PackedScene" id=5]
[ext_resource path="res://scenes/Robot1.tscn" type="PackedScene" id=6]
[ext_resource path="res://scenes/Robot2.tscn" type="PackedScene" id=7]
[ext_resource path="res://sound/dialogs/Captain_00.ogg" type="AudioStream" id=8]
[ext_resource path="res://ui/captain_msg_panel_style.tres" type="StyleBox" id=9]
[ext_resource path="res://fonts/vila_madalena_pregame_captain.tres" type="DynamicFont" id=10]

[sub_resource type="Animation" id=1]
resource_name = "HomeWorld_rotation"
length = 120.0
loop = true
tracks/0/type = "value"
tracks/0/path = NodePath(".:rotation_degrees")
tracks/0/interp = 1
tracks/0/loop_wrap = true
tracks/0/imported = false
tracks/0/enabled = true
tracks/0/keys = {
"times": PoolRealArray( 0, 120 ),
"transitions": PoolRealArray( 1, 1 ),
"update": 0,
"values": [ Vector3( 0, 0, 0 ), Vector3( 0, 45, 0 ) ]
}

[sub_resource type="Animation" id=2]
length = 120.0
loop = true
tracks/0/type = "value"
tracks/0/path = NodePath(".:rotation_degrees")
tracks/0/interp = 1
tracks/0/loop_wrap = true
tracks/0/imported = false
tracks/0/enabled = true
tracks/0/keys = {
"times": PoolRealArray( 0, 119.6 ),
"transitions": PoolRealArray( 1, 1 ),
"update": 0,
"values": [ Vector3( 0, 0, 0 ), Vector3( 179, 0, 0 ) ]
}

[node name="PreGame" type="Spatial"]
script = ExtResource( 1 )

[node name="WorldEnvironment" type="WorldEnvironment" parent="."]
environment = ExtResource( 2 )

[node name="DirectionalLight" type="DirectionalLight" parent="."]
transform = Transform( 0.54376, 0.00864188, -0.839196, 0, 0.999947, 0.0102973, 0.83924, -0.00559924, 0.543732, -139.493, 9.34347, -657.51 )
__meta__ = {
"_edit_lock_": true
}

[node name="HomeWorld" parent="." instance=ExtResource( 3 )]
editor/display_folded = true
transform = Transform( 1, 0, 0, 0, 1, 0, 0, 0, 1, 90, 0, -145 )

[node name="AnimationPlayer" type="AnimationPlayer" parent="HomeWorld"]
autoplay = "HomeWorld_rotation"
anims/HomeWorld_rotation = SubResource( 1 )

[node name="Ship" parent="." instance=ExtResource( 4 )]
editor/display_folded = true
transform = Transform( 0.881304, 0, 0.472551, 0, 1, 0, -0.472551, 0, 0.881304, 155.695, 0.8, -16.571 )

[node name="Inside_ship_Camera_position" type="Position3D" parent="Ship"]
transform = Transform( 0.961262, 0, -0.275637, 0, 1, 0, 0.275637, 0, 0.961262, -1.06218, -0.39, 0.402828 )

[node name="Camera" type="Camera" parent="."]
transform = Transform( 0.994037, 0, 0.10904, 0, 1, 0, -0.10904, 0, 0.994037, 157.945, 1.02, -10.481 )
current = true
far = 8192.0

[node name="Beacon" parent="." instance=ExtResource( 5 )]
editor/display_folded = true
transform = Transform( 0.881303, 0, 0.472551, 0, 1, 0, -0.472551, 0, 0.881303, 135.735, 0.8, -16.571 )

[node name="AnimationPlayer" type="AnimationPlayer" parent="Beacon"]
autoplay = "Beacon_roll"
anims/Beacon_roll = SubResource( 2 )

[node name="Robot1" parent="." instance=ExtResource( 6 )]
transform = Transform( 1, 0, 0, 0, 1, 0, 0, 0, 1, -11.7259, 4.9765, -17.4906 )
visible = false

[node name="Robot2" parent="." instance=ExtResource( 7 )]
transform = Transform( 0.68599, 0, -0.727611, 0, 1, 0, 0.727611, 0, 0.68599, 1.48929, 4.20955, -24.8383 )
visible = false

[node name="Initial_Camera_position" type="Position3D" parent="."]
transform = Transform( 1, 0, 0, 0, 1, 0, 0, 0, 1, 150, 11.24, 80 )
__meta__ = {
"_edit_lock_": true
}

[node name="Enter_Ship_Camera_position" type="Position3D" parent="."]
transform = Transform( 1, 0, 0, 0, 1, 0, 0, 0, 1, 143.56, 0, 1.92 )
__meta__ = {
"_edit_lock_": true
}

[node name="Initial_Ship_position" type="Position3D" parent="."]
transform = Transform( 0.881304, 0, 0.472551, 0, 1, 0, -0.472551, 0, 0.881304, 234.571, 0.8, -16.571 )
__meta__ = {
"_edit_lock_": true
}

[node name="Ship_contact_position" type="Position3D" parent="."]
transform = Transform( 0.881304, 0, 0.472551, 0, 1, 0, -0.472551, 0, 0.881304, 155.695, 0.8, -16.571 )
__meta__ = {
"_edit_lock_": true
}

[node name="Zoom_done_Camera_position" type="Position3D" parent="."]
transform = Transform( 0.552373, 0, -0.833597, 0, 1, 0, 0.833597, 0, 0.552373, -17.29, -0.39, -3.08 )

[node name="Initial_Beacon_Camera_Position" type="Position3D" parent="."]
transform = Transform( 0.994037, 0, 0.10904, 0, 1, 0, -0.10904, 0, 0.994037, 135.675, 1.02, -10.481 )

[node name="Final_Beacon_Camera_Position" type="Position3D" parent="."]
transform = Transform( 0.994037, 0, 0.10904, 0, 1, 0, -0.10904, 0, 0.994037, 157.945, 1.02, -10.481 )

[node name="Message_Control" type="Control" parent="."]
editor/display_folded = true
margin_top = 385.0
margin_right = 800.0
margin_bottom = 480.0

[node name="Audio_Messages_Captain" type="AudioStreamPlayer" parent="Message_Control"]
stream = ExtResource( 8 )

[node name="Audio_Messages_Control" type="AudioStreamPlayer" parent="Message_Control"]

[node name="Messages_Panel" type="Panel" parent="Message_Control"]
margin_left = 50.0
margin_top = 5.0
margin_right = 750.0
margin_bottom = 75.0
custom_styles/panel = ExtResource( 9 )

[node name="Messages_Label" type="Label" parent="Message_Control/Messages_Panel"]
anchor_right = 1.0
anchor_bottom = 1.0
grow_horizontal = 2
grow_vertical = 2
custom_fonts/font = ExtResource( 10 )
text = "Control! I'm reaching the target position."
align = 1
valign = 1
autowrap = true

[node name="Tween" type="Tween" parent="."]

[node name="Dialogs_Label_Timer" type="Timer" parent="."]
one_shot = true

[node name="Ambient_Audio" type="AudioStreamPlayer" parent="."]
[connection signal="finished" from="Message_Control/Audio_Messages_Captain" to="." method="_on_Audio_Messages_Captain_finished"]
[connection signal="finished" from="Message_Control/Audio_Messages_Control" to="." method="_on_Audio_Messages_Control_finished"]
[connection signal="tween_completed" from="Tween" to="." method="_on_Tween_tween_completed"]
[connection signal="timeout" from="Dialogs_Label_Timer" to="." method="_on_Dialogs_Label_Timer_timeout"]
